0 0.8953125 0.5953125 0.0265625 0.109375
0 0.490625 0.6484375 0.025 0.1046875
0 0.36171875 0.66640625 0.021875 0.1203125
0 0.559375 0.41875 0.0203125 0.0859375
0 0.68046875 0.29921875 0.0203125 0.0703125
0 0.3 0.47890625 0.0203125 0.090625
0 0.02109375 0.37109375 0.015625 0.084375
0 0.93515625 0.909375 0.034375 0.1578125
0 0.49296875 0.33671875 0.0140625 0.059375
0 0.42265625 0.4328125 0.0171875 0.0890625
0 0.1109375 0.359375 0.0203125 0.0765625
0 0.01171875 0.5421875 0.0203125 0.109375
0 0.34921875 0.60546875 0.0203125 0.1046875
0 0.309375 0.271875 0.015625 0.05625