0 0.5390625 0.56640625 0.040625 0.10625
0 0.18203125 0.54296875 0.021875 0.103125
0 0.74296875 0.43125 0.0234375 0.0796875
0 0.353125 0.34296875 0.0234375 0.08125
0 0.69609375 0.43828125 0.0203125 0.0859375
0 0.5296875 0.4625 0.028125 0.0609375
0 0.55703125 0.32109375 0.025 0.0703125
0 0.71953125 0.57578125 0.03125 0.0953125
0 0.328125 0.51953125 0.0171875 0.1046875
0 0.29453125 0.434375 0.0234375 0.09375
0 0.48671875 0.3296875 0.0171875 0.06875
0 0.559375 0.41484375 0.015625 0.0765625
0 0.38671875 0.2328125 0.0203125 0.0671875
0 0.68359375 0.6234375 0.025 0.115625