0 0.38671875 0.54609375 0.0296875 0.1046875
0 0.19296875 0.603125 0.028125 0.10625
0 0.70546875 0.728125 0.03125 0.1375
0 0.27578125 0.734375 0.0296875 0.125
0 0.546875 0.2234375 0.0265625 0.0703125
0 0.146875 0.6453125 0.025 0.1203125
0 0.8046875 0.415625 0.0265625 0.090625
0 0.56171875 0.59296875 0.03125 0.109375
0 0.02265625 0.45078125 0.0265625 0.1078125
0 0.53046875 0.4015625 0.0203125 0.0859375
0 0.12578125 0.396875 0.0265625 0.09375
0 0.38046875 0.259375 0.0171875 0.075
0 0.24296875 0.49921875 0.025 0.0984375