0 0.68671875 0.63984375 0.0328125 0.13125
0 0.21484375 0.6578125 0.034375 0.1296875
0 0.22421875 0.4359375 0.0265625 0.09375
0 0.32265625 0.3640625 0.028125 0.0890625
0 0.08515625 0.66328125 0.025 0.1328125
0 0.4171875 0.4609375 0.0234375 0.10625
0 0.565625 0.365625 0.028125 0.0734375
0 0.50234375 0.45390625 0.0203125 0.1
0 0.80234375 0.3828125 0.028125 0.0859375
0 0.49609375 0.3 0.015625 0.0859375
0 0.12109375 0.6515625 0.0234375 0.1140625
0 0.44609375 0.30625 0.0125 0.0890625
0 0.24609375 0.33359375 0.015625 0.071875