0 0.778125 0.3953125 0.028125 0.1
0 0.12109375 0.56796875 0.0265625 0.121875
0 0.73671875 0.60703125 0.0265625 0.1375
0 0.75234375 0.90078125 0.0375 0.1578125
0 0.31171875 0.575 0.025 0.1203125
0 0.49453125 0.325 0.028125 0.08125
0 0.66171875 0.35625 0.01875 0.096875
0 0.98671875 0.46640625 0.0234375 0.125
0 0.42734375 0.3234375 0.0265625 0.078125
0 0.60546875 0.30546875 0.0203125 0.090625
0 0.61953125 0.4671875 0.025 0.1140625
0 0.28046875 0.359375 0.021875 0.1
0 0.4578125 0.471875 0.0265625 0.1171875
0 0.15234375 0.35390625 0.01875 0.10625
0 0.4578125 0.27890625 0.0234375 0.08125