0 0.390625 0.3234375 0.028125 0.078125
0 0.74296875 0.60625 0.0328125 0.1359375
0 0.57421875 0.30078125 0.0375 0.084375
0 0.74765625 0.90390625 0.040625 0.159375
0 0.74921875 0.3859375 0.03125 0.1015625
0 0.62578125 0.471875 0.025 0.115625
0 0.6515625 0.35 0.0234375 0.090625
0 0.11328125 0.575 0.028125 0.121875
0 0.16328125 0.36171875 0.025 0.096875
0 0.4578125 0.2828125 0.0265625 0.0796875
0 0.2796875 0.36171875 0.0234375 0.1
0 0.48046875 0.33046875 0.028125 0.078125
0 0.9859375 0.471875 0.0234375 0.125
0 0.453125 0.4765625 0.0265625 0.115625
0 0.3078125 0.58046875 0.0234375 0.121875