0 0.0265625 0.7 0.0265625 0.1359375
0 0.44765625 0.33359375 0.028125 0.0734375
0 0.665625 0.45390625 0.0203125 0.084375
0 0.1546875 0.546875 0.0203125 0.1046875
0 0.453125 0.56796875 0.0234375 0.109375
0 0.60390625 0.6390625 0.028125 0.109375
0 0.746875 0.4984375 0.0234375 0.09375
0 0.05546875 0.84609375 0.028125 0.1296875
0 0.1859375 0.540625 0.025 0.0984375
0 0.55859375 0.2765625 0.021875 0.06875
0 0.16796875 0.434375 0.0203125 0.08125
0 0.86875 0.55546875 0.0234375 0.09375
0 0.35 0.58203125 0.0265625 0.10625
0 0.19453125 0.4578125 0.0203125 0.096875