0 0.69765625 0.434375 0.0203125 0.0828125
0 0.19140625 0.38828125 0.021875 0.08125
0 0.76640625 0.37109375 0.021875 0.0796875
0 0.1265625 0.675 0.028125 0.1140625
0 0.57734375 0.3921875 0.0203125 0.0625
0 0.49609375 0.5375 0.0328125 0.090625
0 0.01796875 0.63046875 0.0328125 0.10625
0 0.44453125 0.4609375 0.0140625 0.0796875
0 0.359375 0.640625 0.0203125 0.121875
0 0.375 0.54921875 0.01875 0.1015625
0 0.11796875 0.5328125 0.0234375 0.109375
0 0.2484375 0.38828125 0.0265625 0.078125
0 0.28984375 0.2890625 0.01875 0.071875
0 0.48671875 0.24609375 0.015625 0.0671875
0 0.25234375 0.234375 0.015625 0.0640625
0 0.08671875 0.51484375 0.025 0.0984375