0 0.41171875 0.60390625 0.021875 0.1140625
0 0.70390625 0.66484375 0.0265625 0.1203125
0 0.13125 0.746875 0.0265625 0.128125
0 0.71875 0.49296875 0.0203125 0.09375
0 0.1625 0.5015625 0.0171875 0.1
0 0.49140625 0.43203125 0.021875 0.0859375
0 0.578125 0.43515625 0.021875 0.071875
0 0.50703125 0.52578125 0.0203125 0.0875
0 0.7 0.40078125 0.0234375 0.0515625
0 0.94765625 0.93671875 0.03125 0.11875
0 0.353125 0.3828125 0.015625 0.08125
0 0.740625 0.40390625 0.0203125 0.046875
0 0.4578125 0.61640625 0.025 0.109375
0 0.0734375 0.61796875 0.0203125 0.115625
0 0.51953125 0.26953125 0.0125 0.0703125
0 0.59765625 0.42421875 0.0125 0.059375
0 0.1046875 0.58359375 0.025 0.1140625