0 0.584375 0.403125 0.0234375 0.0859375
0 0.30078125 0.40390625 0.01875 0.0921875
0 0.1546875 0.5625 0.0203125 0.1109375
0 0.33046875 0.53046875 0.0171875 0.0921875
0 0.3859375 0.36328125 0.0234375 0.0921875
0 0.425 0.34921875 0.021875 0.06875
0 0.4921875 0.54453125 0.0203125 0.0859375
0 0.7890625 0.49296875 0.028125 0.0953125
0 0.95625 0.45390625 0.025 0.09375
0 0.5140625 0.56015625 0.0359375 0.1046875
0 0.61640625 0.40390625 0.034375 0.0765625
0 0.55234375 0.24140625 0.015625 0.071875
0 0.54296875 0.54453125 0.01875 0.0828125
0 0.68671875 0.52578125 0.0171875 0.0890625
0 0.434375 0.53125 0.0234375 0.1
0 0.66484375 0.56171875 0.028125 0.09375