0 0.5671875 0.83125 0.0390625 0.1296875
0 0.91796875 0.23125 0.0265625 0.06875
0 0.834375 0.77578125 0.046875 0.1328125
0 0.0515625 0.33671875 0.021875 0.0765625
0 0.33203125 0.490625 0.0203125 0.10625
0 0.52265625 0.3640625 0.015625 0.084375
0 0.1390625 0.30546875 0.0203125 0.0703125
0 0.1484375 0.5765625 0.028125 0.109375
0 0.31953125 0.29296875 0.015625 0.0765625
0 0.36640625 0.178125 0.0140625 0.0640625
0 0.2625 0.6078125 0.0296875 0.1046875
0 0.45859375 0.3578125 0.015625 0.090625
0 0.390625 0.26015625 0.015625 0.071875
0 0.45390625 0.1484375 0.0109375 0.053125