0 0.18671875 0.73125 0.028125 0.109375
0 0.8515625 0.559375 0.0328125 0.1015625
0 0.2453125 0.909375 0.0234375 0.128125
0 0.48671875 0.47890625 0.0203125 0.084375
0 0.415625 0.890625 0.03125 0.125
0 0.3078125 0.57578125 0.0203125 0.1046875
0 0.91171875 0.36796875 0.0203125 0.08125
0 0.0953125 0.396875 0.025 0.084375
0 0.353125 0.32890625 0.0171875 0.0671875
0 0.2703125 0.51484375 0.0171875 0.0890625
0 0.0875 0.30859375 0.0140625 0.0515625
0 0.54296875 0.30859375 0.0125 0.071875
0 0.140625 0.309375 0.0140625 0.05