0 0.67421875 0.71328125 0.04375 0.0875
0 0.04453125 0.8484375 0.03125 0.1125
0 0.61796875 0.54765625 0.015625 0.084375
0 0.57109375 0.54140625 0.015625 0.084375
0 0.23203125 0.6203125 0.0171875 0.0890625
0 0.728125 0.73125 0.0296875 0.1015625
0 0.4953125 0.53515625 0.0171875 0.08125
0 0.2921875 0.45703125 0.015625 0.075
0 0.81796875 0.42578125 0.0171875 0.059375
0 0.42265625 0.4875 0.015625 0.0765625
0 0.36796875 0.44609375 0.015625 0.075
0 0.24921875 0.38984375 0.015625 0.078125
0 0.3 0.62265625 0.015625 0.0859375
0 0.32265625 0.36953125 0.0125 0.059375