0 0.390625 0.8015625 0.03125 0.1484375
0 0.71015625 0.603125 0.0265625 0.1171875
0 0.253125 0.7859375 0.03125 0.13125
0 0.93671875 0.5890625 0.0296875 0.10625
0 0.0796875 0.6234375 0.025 0.11875
0 0.37421875 0.6546875 0.0234375 0.1140625
0 0.13046875 0.5109375 0.0234375 0.109375
0 0.49375 0.5375 0.0203125 0.103125
0 0.3875 0.31796875 0.015625 0.0765625
0 0.78359375 0.40078125 0.034375 0.08125
0 0.59296875 0.4390625 0.015625 0.0796875
0 0.6125 0.4984375 0.0203125 0.09375
0 0.58359375 0.78046875 0.0265625 0.1328125
0 0.56953125 0.2796875 0.01875 0.0765625