0 0.3734375 0.49453125 0.021875 0.0859375
0 0.4484375 0.56875 0.0328125 0.103125
0 0.37734375 0.746875 0.028125 0.1140625
0 0.415625 0.39453125 0.021875 0.071875
0 0.546875 0.515625 0.0265625 0.0953125
0 0.509375 0.51875 0.01875 0.09375
0 0.8234375 0.4546875 0.01875 0.09375
0 0.0296875 0.53046875 0.021875 0.10625
0 0.28046875 0.35078125 0.021875 0.0765625
0 0.54609375 0.4109375 0.0203125 0.0703125
0 0.70625 0.71015625 0.0265625 0.125
0 0.846875 0.4484375 0.01875 0.090625
0 0.13046875 0.609375 0.0203125 0.1078125
0 0.9140625 0.54296875 0.0203125 0.1140625
0 0.721875 0.359375 0.015625 0.08125
0 0.10390625 0.515625 0.0234375 0.109375