0 0.64765625 0.71640625 0.03125 0.1328125
0 0.28359375 0.37734375 0.028125 0.1015625
0 0.3984375 0.675 0.0328125 0.1328125
0 0.14609375 0.48046875 0.0359375 0.1015625
0 0.28359375 0.51015625 0.0359375 0.1109375
0 0.284375 0.7015625 0.028125 0.125
0 0.7671875 0.5546875 0.0234375 0.0875
0 0.43125 0.51796875 0.0203125 0.1
0 0.45234375 0.615625 0.0234375 0.1109375
0 0.74140625 0.35546875 0.015625 0.0890625
0 0.06015625 0.5890625 0.0234375 0.11875
0 0.340625 0.22578125 0.015625 0.06875
0 0.5078125 0.3796875 0.0171875 0.078125
0 0.8671875 0.28671875 0.0140625 0.0828125
0 0.478125 0.56640625 0.0203125 0.1109375