0 0.51953125 0.87421875 0.0375 0.1484375
0 0.55703125 0.303125 0.025 0.0796875
0 0.46328125 0.4328125 0.01875 0.0859375
0 0.5578125 0.48359375 0.0265625 0.0765625
0 0.4171875 0.72109375 0.028125 0.1140625
0 0.84609375 0.421875 0.0171875 0.0890625
0 0.775 0.46171875 0.025 0.0765625
0 0.6078125 0.2984375 0.0171875 0.078125
0 0.24140625 0.17265625 0.0203125 0.053125
0 0.634375 0.2484375 0.0234375 0.075
0 0.75703125 0.36875 0.01875 0.075
0 0.8515625 0.2859375 0.0140625 0.0609375
0 0.6421875 0.5375 0.0328125 0.1015625