0 0.515625 0.51015625 0.021875 0.0953125
0 0.225 0.71796875 0.025 0.125
0 0.10390625 0.69453125 0.0234375 0.1109375
0 0.29609375 0.425 0.0203125 0.1
0 0.38046875 0.3953125 0.021875 0.0859375
0 0.7921875 0.62578125 0.0359375 0.1140625
0 0.71640625 0.51953125 0.025 0.090625
0 0.38671875 0.55859375 0.01875 0.10625
0 0.3265625 0.478125 0.0203125 0.0984375
0 0.04609375 0.68828125 0.021875 0.1125
0 0.16015625 0.59140625 0.01875 0.1109375
0 0.9734375 0.43359375 0.0234375 0.090625
0 0.9546875 0.59765625 0.021875 0.1140625
0 0.8453125 0.790625 0.0234375 0.140625
0 0.85546875 0.1984375 0.0140625 0.06875
0 0.6015625 0.534375 0.0203125 0.1140625
0 0.95234375 0.35390625 0.015625 0.078125
0 0.659375 0.42421875 0.015625 0.0734375