0 0.72890625 0.40078125 0.025 0.0703125
0 0.809375 0.409375 0.0265625 0.0859375
0 0.51015625 0.51328125 0.025 0.103125
0 0.92578125 0.8890625 0.0375 0.1640625
0 0.15078125 0.65390625 0.028125 0.1359375
0 0.2859375 0.4625 0.0234375 0.096875
0 0.80859375 0.2140625 0.021875 0.078125
0 0.3609375 0.6109375 0.028125 0.10625
0 0.92734375 0.48671875 0.01875 0.0984375
0 0.66953125 0.4421875 0.0265625 0.0921875
0 0.2609375 0.46640625 0.0203125 0.1
0 0.6015625 0.2625 0.015625 0.075
0 0.54921875 0.46171875 0.0265625 0.0796875
0 0.434375 0.37421875 0.01875 0.0765625
0 0.75625 0.68125 0.028125 0.1296875