0 0.228125 0.56015625 0.021875 0.109375
0 0.5765625 0.46484375 0.0359375 0.0859375
0 0.1734375 0.37890625 0.0296875 0.096875
0 0.33671875 0.2625 0.0234375 0.0734375
0 0.0546875 0.45703125 0.03125 0.109375
0 0.27734375 0.63046875 0.025 0.1140625
0 0.49140625 0.40703125 0.021875 0.0859375
0 0.63671875 0.79296875 0.028125 0.14375
0 0.66640625 0.9328125 0.034375 0.125
0 0.32578125 0.37421875 0.0234375 0.090625
0 0.01015625 0.4609375 0.0171875 0.1078125
0 0.546875 0.20625 0.015625 0.0640625
0 0.47109375 0.65703125 0.025 0.1265625
0 0.51640625 0.44296875 0.021875 0.0921875
0 0.3875 0.4546875 0.0296875 0.0953125
0 0.81640625 0.4859375 0.0234375 0.0953125