0 0.03671875 0.80078125 0.0703125 0.1375
0 0.73984375 0.8109375 0.0359375 0.134375
0 0.03671875 0.64453125 0.0484375 0.1015625
0 0.4171875 0.353125 0.025 0.0859375
0 0.15546875 0.25703125 0.028125 0.084375
0 0.38671875 0.57421875 0.025 0.121875
0 0.2375 0.48671875 0.0265625 0.0953125
0 0.5265625 0.284375 0.0203125 0.084375
0 0.6484375 0.37421875 0.0234375 0.1015625
0 0.13125 0.42109375 0.0296875 0.1015625
0 0.2265625 0.228125 0.0234375 0.090625
0 0.30390625 0.384375 0.0234375 0.09375
0 0.5890625 0.1859375 0.0140625 0.0765625
0 0.321875 0.3265625 0.01875 0.09375