0 0.3375 0.62578125 0.025 0.1140625
0 0.64765625 0.55625 0.0203125 0.1015625
0 0.515625 0.44296875 0.021875 0.075
0 0.2796875 0.490625 0.0234375 0.09375
0 0.60546875 0.4765625 0.03125 0.090625
0 0.31796875 0.278125 0.0234375 0.0703125
0 0.7671875 0.346875 0.021875 0.08125
0 0.08125 0.3984375 0.0203125 0.0953125
0 0.303125 0.37890625 0.01875 0.0765625
0 0.0125 0.5203125 0.0203125 0.1109375
0 0.1578125 0.40625 0.0171875 0.0859375
0 0.26171875 0.61171875 0.0203125 0.10625
0 0.2734375 0.68125 0.0234375 0.125