0 0.3140625 0.63203125 0.046875 0.0859375
0 0.38984375 0.71171875 0.0375 0.09375
0 0.5703125 0.55546875 0.0265625 0.096875
0 0.54609375 0.35546875 0.025 0.071875
0 0.50390625 0.6140625 0.034375 0.090625
0 0.6171875 0.46796875 0.025 0.0859375
0 0.7078125 0.434375 0.0265625 0.0703125
0 0.728125 0.67265625 0.03125 0.1015625
0 0.78046875 0.56484375 0.0234375 0.1
0 0.46328125 0.44296875 0.01875 0.096875
0 0.37890625 0.43984375 0.0171875 0.0875
0 0.0125 0.6734375 0.025 0.10625
0 0.14375 0.7234375 0.0296875 0.1
0 0.16953125 0.69375 0.0328125 0.1109375