0 0.47890625 0.67265625 0.0359375 0.10625
0 0.6203125 0.74453125 0.046875 0.109375
0 0.39921875 0.85859375 0.04375 0.121875
0 0.40234375 0.55390625 0.021875 0.096875
0 0.453125 0.25078125 0.021875 0.05625
0 0.84296875 0.36953125 0.034375 0.075
0 0.36171875 0.30859375 0.0234375 0.075
0 0.24921875 0.60390625 0.040625 0.109375
0 0.26875 0.4078125 0.015625 0.0796875
0 0.3328125 0.76640625 0.0234375 0.1296875
0 0.1328125 0.3375 0.01875 0.0828125
0 0.27890625 0.31640625 0.025 0.065625
0 0.7734375 0.39296875 0.0453125 0.065625