0 0.6609375 0.4859375 0.03125 0.1015625
0 0.2640625 0.93125 0.0375 0.1328125
0 0.5625 0.43828125 0.025 0.0859375
0 0.5765625 0.57421875 0.0203125 0.0890625
0 0.36875 0.56953125 0.03125 0.103125
0 0.04765625 0.36796875 0.015625 0.0859375
0 0.8171875 0.81171875 0.0359375 0.134375
0 0.49765625 0.659375 0.021875 0.10625
0 0.359375 0.35546875 0.01875 0.0765625
0 0.534375 0.69609375 0.0234375 0.1203125
0 0.32578125 0.51875 0.015625 0.09375
0 0.87109375 0.65703125 0.0234375 0.121875
0 0.50703125 0.55625 0.01875 0.0640625
0 0.81640625 0.640625 0.0203125 0.1140625
0 0.8609375 0.315625 0.0234375 0.0765625
0 0.190625 0.6109375 0.0265625 0.0984375
0 0.83671875 0.61640625 0.01875 0.1171875