0 0.371875 0.871875 0.028125 0.1390625
0 0.92890625 0.77890625 0.034375 0.1328125
0 0.84375 0.56640625 0.0234375 0.1046875
0 0.4859375 0.590625 0.021875 0.0953125
0 0.721875 0.4640625 0.01875 0.09375
0 0.9265625 0.61875 0.0265625 0.1203125
0 0.3859375 0.440625 0.015625 0.084375
0 0.22265625 0.52890625 0.0234375 0.0796875
0 0.88515625 0.5578125 0.025 0.109375
0 0.334375 0.38671875 0.015625 0.075
0 0.4203125 0.54921875 0.0265625 0.0890625
0 0.23125 0.40859375 0.03125 0.08125
0 0.15859375 0.94296875 0.03125 0.10625
0 0.565625 0.64296875 0.0265625 0.109375
0 0.58125 0.50078125 0.0203125 0.096875