0 0.3421875 0.33984375 0.03125 0.0890625
0 0.23359375 0.51796875 0.0234375 0.1265625
0 0.73359375 0.68671875 0.0421875 0.1375
0 0.6609375 0.459375 0.0359375 0.1171875
0 0.7734375 0.48203125 0.0390625 0.103125
0 0.37734375 0.3984375 0.03125 0.0875
0 0.2203125 0.28828125 0.034375 0.078125
0 0.728125 0.49453125 0.0265625 0.121875
0 0.2765625 0.2890625 0.03125 0.0828125
0 0.33203125 0.5453125 0.0265625 0.1265625
0 0.44140625 0.38203125 0.015625 0.0984375
0 0.06875 0.29375 0.0234375 0.0796875
0 0.06640625 0.4078125 0.0265625 0.096875
0 0.45703125 0.38359375 0.0171875 0.1078125
0 0.66796875 0.3734375 0.0234375 0.09375