0 0.36875 0.734375 0.0234375 0.121875
0 0.80234375 0.503125 0.028125 0.0859375
0 0.5109375 0.40625 0.0125 0.078125
0 0.053125 0.36171875 0.01875 0.078125
0 0.87421875 0.92734375 0.028125 0.140625
0 0.17265625 0.51171875 0.0140625 0.0765625
0 0.05703125 0.553125 0.01875 0.0984375
0 0.3453125 0.42734375 0.0140625 0.0828125
0 0.490625 0.50859375 0.01875 0.084375
0 0.171875 0.28671875 0.0140625 0.0671875
0 0.13515625 0.6234375 0.0265625 0.109375
0 0.13984375 0.26640625 0.0125 0.0625
0 0.29765625 0.33359375 0.0109375 0.05625