0 0.50703125 0.79765625 0.04375 0.1125
0 0.61328125 0.52734375 0.0203125 0.1
0 0.5421875 0.346875 0.0234375 0.0890625
0 0.57109375 0.521875 0.0265625 0.090625
0 0.80859375 0.4078125 0.0265625 0.0796875
0 0.28515625 0.590625 0.0203125 0.0953125
0 0.44609375 0.37890625 0.0171875 0.0875
0 0.56796875 0.303125 0.0234375 0.075
0 0.746875 0.69765625 0.028125 0.109375
0 0.32890625 0.459375 0.0203125 0.0859375
0 0.346875 0.471875 0.01875 0.090625
0 0.83671875 0.52109375 0.0171875 0.0953125
0 0.86015625 0.3046875 0.0125 0.06875
0 0.51171875 0.725 0.0234375 0.0984375