0 0.3984375 0.71171875 0.0359375 0.115625
0 0.31796875 0.7484375 0.028125 0.1328125
0 0.8609375 0.659375 0.0359375 0.1140625
0 0.27265625 0.40390625 0.0203125 0.0890625
0 0.246875 0.821875 0.0421875 0.1359375
0 0.153125 0.49296875 0.021875 0.1
0 0.1296875 0.68359375 0.01875 0.1171875
0 0.334375 0.48828125 0.0234375 0.09375
0 0.3234375 0.36953125 0.0203125 0.0890625
0 0.384375 0.340625 0.0140625 0.08125
0 0.56328125 0.240625 0.0125 0.06875
0 0.178125 0.50703125 0.025 0.1046875
0 0.54921875 0.37890625 0.0140625 0.0796875
0 0.5890625 0.36796875 0.028125 0.0625
0 0.49921875 0.58515625 0.015625 0.1046875
0 0.04921875 0.26640625 0.0203125 0.078125
0 0.409375 0.54140625 0.025 0.090625