0 0.36328125 0.45546875 0.028125 0.075
0 0.40078125 0.69765625 0.021875 0.1328125
0 0.60234375 0.4625 0.028125 0.08125
0 0.2046875 0.515625 0.028125 0.1015625
0 0.56953125 0.43359375 0.03125 0.0828125
0 0.075 0.83828125 0.034375 0.1359375
0 0.1453125 0.63359375 0.028125 0.1109375
0 0.32421875 0.465625 0.028125 0.0921875
0 0.0828125 0.41328125 0.025 0.065625
0 0.7515625 0.69140625 0.0265625 0.1203125
0 0.52265625 0.378125 0.01875 0.0796875
0 0.93671875 0.41875 0.0203125 0.0859375
0 0.75546875 0.41015625 0.0203125 0.0796875
0 0.56171875 0.67890625 0.0234375 0.1203125