0 0.2328125 0.6546875 0.0328125 0.125
0 0.390625 0.4859375 0.0203125 0.0921875
0 0.66015625 0.49765625 0.021875 0.1015625
0 0.21171875 0.47421875 0.0171875 0.1
0 0.8140625 0.396875 0.0203125 0.0796875
0 0.375 0.65546875 0.0265625 0.1203125
0 0.7890625 0.540625 0.0234375 0.1
0 0.6 0.39609375 0.015625 0.078125
0 0.66796875 0.271875 0.021875 0.0734375
0 0.465625 0.3578125 0.0203125 0.078125
0 0.0109375 0.64609375 0.021875 0.1296875
0 0.1140625 0.571875 0.021875 0.096875
0 0.11875 0.50859375 0.0171875 0.1
0 0.32890625 0.43828125 0.01875 0.084375
0 0.30390625 0.40078125 0.0203125 0.096875