0 0.453125 0.534375 0.025 0.1140625
0 0.853125 0.6734375 0.0265625 0.121875
0 0.128125 0.58203125 0.0203125 0.10625
0 0.721875 0.64296875 0.0234375 0.1203125
0 0.28125 0.47578125 0.0265625 0.09375
0 0.51171875 0.85703125 0.025 0.153125
0 0.528125 0.540625 0.0203125 0.10625
0 0.6 0.66796875 0.025 0.11875
0 0.3640625 0.45234375 0.0265625 0.0734375
0 0.609375 0.92109375 0.0328125 0.15
0 0.57578125 0.33203125 0.0171875 0.0734375
0 0.74296875 0.39921875 0.015625 0.078125
0 0.0125 0.68359375 0.025 0.128125
0 0.83359375 0.34453125 0.0234375 0.078125