0 0.31328125 0.84609375 0.0359375 0.1546875
0 0.378125 0.4546875 0.0265625 0.0984375
0 0.38671875 0.90078125 0.0296875 0.1625
0 0.20078125 0.5890625 0.0265625 0.125
0 0.3078125 0.365625 0.0203125 0.1
0 0.56015625 0.5546875 0.021875 0.1109375
0 0.671875 0.54453125 0.025 0.115625
0 0.43125 0.3234375 0.025 0.0859375
0 0.1703125 0.4640625 0.025 0.1109375
0 0.78203125 0.353125 0.0234375 0.09375
0 0.31015625 0.6359375 0.0234375 0.125
0 0.09921875 0.546875 0.0296875 0.109375
0 0.0125 0.5171875 0.0234375 0.1265625
0 0.70234375 0.30546875 0.015625 0.0890625
0 0.69140625 0.37109375 0.015625 0.0765625
0 0.2203125 0.5234375 0.0171875 0.1109375
0 0.465625 0.31328125 0.025 0.075