0 0.29453125 0.71484375 0.0296875 0.1203125
0 0.2734375 0.290625 0.0203125 0.0703125
0 0.77265625 0.74375 0.0359375 0.1265625
0 0.3375 0.46875 0.0171875 0.0921875
0 0.215625 0.56953125 0.03125 0.103125
0 0.73203125 0.346875 0.028125 0.0765625
0 0.153125 0.459375 0.028125 0.09375
0 0.1015625 0.25703125 0.0140625 0.0765625
0 0.14609375 0.3390625 0.015625 0.084375
0 0.034375 0.48671875 0.015625 0.1015625
0 0.35 0.12578125 0.0140625 0.0515625
0 0.04296875 0.35859375 0.025 0.0953125
0 0.17421875 0.246875 0.0125 0.059375
0 0.12265625 0.95859375 0.046875 0.075