0 0.07890625 0.76484375 0.0359375 0.121875
0 0.678125 0.77890625 0.0265625 0.1265625
0 0.51171875 0.46171875 0.0328125 0.0703125
0 0.16640625 0.496875 0.0296875 0.0921875
0 0.78984375 0.43515625 0.028125 0.0578125
0 0.9671875 0.50703125 0.01875 0.0859375
0 0.703125 0.5921875 0.0203125 0.09375
0 0.61953125 0.5859375 0.04375 0.1015625
0 0.11796875 0.515625 0.0203125 0.09375
0 0.37890625 0.56171875 0.021875 0.0828125
0 0.2609375 0.44375 0.015625 0.08125
0 0.60625 0.3328125 0.015625 0.0703125
0 0.371875 0.68125 0.0234375 0.115625
0 0.40234375 0.35234375 0.0140625 0.0765625
0 0.3546875 0.778125 0.028125 0.1171875