0 0.48828125 0.40078125 0.0203125 0.0796875
0 0.690625 0.409375 0.028125 0.0640625
0 0.6140625 0.43046875 0.0265625 0.0859375
0 0.41953125 0.74921875 0.028125 0.1328125
0 0.7453125 0.4046875 0.028125 0.071875
0 0.67578125 0.56640625 0.0234375 0.103125
0 0.053125 0.65390625 0.025 0.121875
0 0.36484375 0.521875 0.0265625 0.09375
0 0.77890625 0.51953125 0.0234375 0.0953125
0 0.3875 0.65625 0.0265625 0.109375
0 0.41953125 0.65859375 0.025 0.096875
0 0.28671875 0.30234375 0.0203125 0.0703125
0 0.18671875 0.496875 0.025 0.09375
0 0.95234375 0.50703125 0.0265625 0.1015625