0 0.27890625 0.73125 0.03125 0.1140625
0 0.72890625 0.73046875 0.03125 0.121875
0 0.21171875 0.540625 0.0328125 0.1015625
0 0.478125 0.39296875 0.0234375 0.0765625
0 0.62421875 0.51640625 0.0234375 0.090625
0 0.71953125 0.50390625 0.015625 0.090625
0 0.4375 0.5234375 0.034375 0.09375
0 0.46328125 0.5640625 0.0171875 0.0984375
0 0.7875 0.43046875 0.0171875 0.0765625
0 0.51171875 0.6984375 0.021875 0.109375
0 0.9390625 0.31953125 0.01875 0.0765625
0 0.66171875 0.28046875 0.015625 0.075
0 0.85546875 0.6234375 0.021875 0.1109375