0 0.78046875 0.721875 0.0265625 0.1171875
0 0.16640625 0.6453125 0.0328125 0.1015625
0 0.70546875 0.66171875 0.040625 0.0953125
0 0.4296875 0.53203125 0.0296875 0.1015625
0 0.1296875 0.67421875 0.0375 0.1140625
0 0.21953125 0.25390625 0.0203125 0.071875
0 0.31484375 0.31484375 0.015625 0.06875
0 0.6015625 0.646875 0.0375 0.1140625
0 0.0875 0.2015625 0.0171875 0.0703125
0 0.4734375 0.7234375 0.028125 0.090625
0 0.4171875 0.284375 0.015625 0.0703125
0 0.47109375 0.78125 0.034375 0.0890625
0 0.975 0.609375 0.0234375 0.10625