0 0.3703125 0.76328125 0.03125 0.15625
0 0.2609375 0.51640625 0.03125 0.1203125
0 0.209375 0.584375 0.03125 0.1359375
0 0.109375 0.59609375 0.0296875 0.1328125
0 0.7859375 0.37578125 0.028125 0.09375
0 0.9484375 0.871875 0.0453125 0.153125
0 0.55703125 0.40859375 0.025 0.06875
0 0.60078125 0.353125 0.01875 0.0890625
0 0.04453125 0.71484375 0.0296875 0.1484375
0 0.86796875 0.43046875 0.03125 0.1046875
0 0.01796875 0.68203125 0.028125 0.134375
0 0.55703125 0.51796875 0.034375 0.1140625
0 0.67265625 0.27890625 0.0203125 0.0875
0 0.64140625 0.62578125 0.021875 0.128125
0 0.70859375 0.35078125 0.01875 0.0859375