0 0.57109375 0.44296875 0.0203125 0.0875
0 0.25625 0.46171875 0.021875 0.0890625
0 0.19453125 0.4625 0.01875 0.0953125
0 0.1328125 0.46796875 0.0265625 0.0984375
0 0.31171875 0.44921875 0.021875 0.078125
0 0.8734375 0.61953125 0.025 0.109375
0 0.82890625 0.4234375 0.01875 0.084375
0 0.07421875 0.51484375 0.025 0.0890625
0 0.22734375 0.45703125 0.0203125 0.090625
0 0.20390625 0.62109375 0.021875 0.1125
0 0.44921875 0.2140625 0.0140625 0.0609375
0 0.01640625 0.55625 0.03125 0.1046875
0 0.04765625 0.525 0.0203125 0.1015625
0 0.2484375 0.709375 0.028125 0.1109375