0 0.87109375 0.58046875 0.0375 0.090625
0 0.12890625 0.90546875 0.0390625 0.1421875
0 0.55234375 0.53828125 0.0171875 0.0953125
0 0.2484375 0.42734375 0.01875 0.078125
0 0.3546875 0.48125 0.0140625 0.084375
0 0.7640625 0.378125 0.01875 0.0765625
0 0.2953125 0.43359375 0.015625 0.075
0 0.1 0.4828125 0.021875 0.0953125
0 0.16796875 0.528125 0.015625 0.103125
0 0.6359375 0.3203125 0.015625 0.06875
0 0.2515625 0.58203125 0.015625 0.09375
0 0.13671875 0.52421875 0.0203125 0.1
0 0.76796875 0.48828125 0.01875 0.0796875
0 0.065625 0.54296875 0.0203125 0.1
0 0.23359375 0.59296875 0.01875 0.1015625