0 0.27421875 0.4734375 0.0390625 0.1015625
0 0.48984375 0.68203125 0.034375 0.128125
0 0.83125 0.39140625 0.028125 0.0859375
0 0.53203125 0.828125 0.04375 0.146875
0 0.1 0.78359375 0.0296875 0.1453125
0 0.8984375 0.39453125 0.0359375 0.0921875
0 0.403125 0.39921875 0.01875 0.090625
0 0.5609375 0.496875 0.0203125 0.0953125
0 0.1890625 0.55390625 0.0265625 0.1203125
0 0.13125 0.5734375 0.021875 0.1171875
0 0.0140625 0.74453125 0.0265625 0.1265625
0 0.7515625 0.29140625 0.0203125 0.0640625
0 0.56875 0.27578125 0.0140625 0.0703125
0 0.43828125 0.640625 0.025 0.121875
0 0.2484375 0.79609375 0.0265625 0.1390625
0 0.71171875 0.24609375 0.015625 0.0703125
0 0.4015625 0.51171875 0.021875 0.0953125