0 0.196875 0.6484375 0.04375 0.1203125
0 0.44453125 0.43125 0.028125 0.090625
0 0.84765625 0.696875 0.0390625 0.1375
0 0.09140625 0.628125 0.0328125 0.1171875
0 0.7328125 0.478125 0.0234375 0.10625
0 0.2171875 0.36953125 0.0359375 0.0859375
0 0.1703125 0.46328125 0.0375 0.0859375
0 0.390625 0.3515625 0.0265625 0.0765625
0 0.58671875 0.46796875 0.028125 0.1046875
0 0.6796875 0.33359375 0.0234375 0.075
0 0.059375 0.43828125 0.0296875 0.096875
0 0.46171875 0.3359375 0.01875 0.05625
0 0.4 0.6171875 0.021875 0.121875
0 0.38828125 0.25859375 0.0203125 0.0546875