0 0.21640625 0.63359375 0.025 0.109375
0 0.88828125 0.78671875 0.03125 0.13125
0 0.4734375 0.58828125 0.034375 0.1046875
0 0.5390625 0.43203125 0.025 0.0796875
0 0.15859375 0.471875 0.021875 0.096875
0 0.7515625 0.5234375 0.0171875 0.096875
0 0.67578125 0.37109375 0.0203125 0.0796875
0 0.246875 0.346875 0.0203125 0.08125
0 0.175 0.36328125 0.0171875 0.078125
0 0.36484375 0.4640625 0.0203125 0.0890625
0 0.77578125 0.25 0.0125 0.0703125
0 0.303125 0.61875 0.0203125 0.1109375
0 0.4484375 0.2671875 0.0140625 0.0609375