0 0.18359375 0.61328125 0.046875 0.1078125
0 0.46171875 0.59140625 0.028125 0.1203125
0 0.63828125 0.46328125 0.028125 0.0890625
0 0.29296875 0.415625 0.0265625 0.090625
0 0.315625 0.6359375 0.03125 0.1046875
0 0.92265625 0.646875 0.025 0.121875
0 0.77578125 0.44140625 0.0328125 0.0921875
0 0.53046875 0.359375 0.015625 0.075
0 0.34140625 0.29921875 0.03125 0.0625
0 0.65 0.228125 0.01875 0.065625
0 0.215625 0.48125 0.01875 0.09375
0 0.92734375 0.3265625 0.0203125 0.0765625
0 0.38515625 0.5265625 0.0234375 0.0984375