0 0.48828125 0.39609375 0.0265625 0.0859375
0 0.528125 0.48046875 0.0359375 0.0875
0 0.08125 0.80390625 0.0296875 0.1359375
0 0.3921875 0.49453125 0.0296875 0.0984375
0 0.2546875 0.521875 0.0375 0.1109375
0 0.74296875 0.64609375 0.03125 0.1234375
0 0.478125 0.60234375 0.021875 0.121875
0 0.13984375 0.88203125 0.0375 0.1390625
0 0.45703125 0.403125 0.03125 0.09375
0 0.2875 0.6078125 0.0234375 0.1140625
0 0.34140625 0.47578125 0.0296875 0.1140625
0 0.97265625 0.53671875 0.025 0.0921875
0 0.9328125 0.546875 0.028125 0.1046875
0 0.7046875 0.396875 0.0171875 0.078125
0 0.8109375 0.26875 0.0171875 0.071875
0 0.62421875 0.29921875 0.015625 0.0765625