0 0.42578125 0.84375 0.040625 0.1578125
0 0.30625 0.60390625 0.021875 0.121875
0 0.63203125 0.36875 0.0234375 0.0875
0 0.78046875 0.853125 0.028125 0.15625
0 0.828125 0.346875 0.03125 0.090625
0 0.25078125 0.584375 0.028125 0.0890625
0 0.65859375 0.440625 0.0203125 0.084375
0 0.1875 0.603125 0.0234375 0.125
0 0.53046875 0.39921875 0.025 0.1
0 0.5421875 0.296875 0.025 0.0671875
0 0.0953125 0.31640625 0.0234375 0.09375
0 0.6171875 0.68203125 0.0265625 0.13125
0 0.67109375 0.34921875 0.015625 0.0625
0 0.74375 0.4046875 0.0296875 0.090625
0 0.646875 0.56796875 0.028125 0.1296875