0 0.61484375 0.3765625 0.0234375 0.0734375
0 0.36640625 0.4296875 0.034375 0.115625
0 0.93984375 0.590625 0.0359375 0.1375
0 0.50234375 0.3375 0.028125 0.0921875
0 0.28203125 0.40390625 0.0375 0.109375
0 0.16484375 0.49453125 0.0328125 0.125
0 0.71796875 0.29140625 0.0203125 0.0953125
0 0.26015625 0.93046875 0.028125 0.1359375
0 0.2765625 0.58046875 0.028125 0.1203125
0 0.5828125 0.67421875 0.0265625 0.134375
0 0.2203125 0.52578125 0.0171875 0.121875
0 0.521875 0.503125 0.0265625 0.1125
0 0.196875 0.50625 0.0296875 0.1234375
0 0.78359375 0.446875 0.021875 0.0890625
0 0.76328125 0.434375 0.01875 0.09375