0 0.75234375 0.83125 0.0421875 0.1453125
0 0.49296875 0.440625 0.021875 0.1046875
0 0.93359375 0.63046875 0.0265625 0.128125
0 0.62890625 0.67109375 0.0296875 0.1203125
0 0.2140625 0.61328125 0.0234375 0.1296875
0 0.746875 0.31328125 0.015625 0.090625
0 0.47265625 0.246875 0.021875 0.0859375
0 0.40234375 0.353125 0.0203125 0.09375
0 0.24453125 0.490625 0.01875 0.071875
0 0.3484375 0.34140625 0.015625 0.0921875
0 0.64609375 0.3421875 0.01875 0.0921875
0 0.5328125 0.20546875 0.0171875 0.084375
0 0.878125 0.17890625 0.0125 0.065625