0 0.26796875 0.415625 0.0203125 0.0921875
0 0.1515625 0.69296875 0.021875 0.128125
0 0.45546875 0.52109375 0.0234375 0.1
0 0.17109375 0.53203125 0.0328125 0.1140625
0 0.07421875 0.59453125 0.021875 0.11875
0 0.8390625 0.61171875 0.025 0.109375
0 0.64765625 0.3890625 0.01875 0.08125
0 0.109375 0.76171875 0.028125 0.1296875
0 0.803125 0.37734375 0.03125 0.0828125
0 0.15 0.50703125 0.021875 0.1046875
0 0.2015625 0.5875 0.021875 0.1046875
0 0.2671875 0.7375 0.0265625 0.1265625
0 0.58125 0.28984375 0.015625 0.075
0 0.403125 0.3234375 0.015625 0.08125
0 0.4234375 0.37578125 0.015625 0.084375
0 0.41484375 0.23125 0.0171875 0.0640625
0 0.6765625 0.665625 0.021875 0.1203125