0 0.3171875 0.67578125 0.0265625 0.125
0 0.82890625 0.5109375 0.0203125 0.1
0 0.1546875 0.71953125 0.0296875 0.125
0 0.571875 0.7515625 0.046875 0.1296875
0 0.15078125 0.515625 0.0203125 0.096875
0 0.203125 0.7359375 0.0203125 0.11875
0 0.1078125 0.39609375 0.0265625 0.0828125
0 0.28203125 0.48125 0.0234375 0.0828125
0 0.1984375 0.44765625 0.0203125 0.0859375
0 0.2015625 0.33671875 0.0171875 0.078125
0 0.01640625 0.49140625 0.021875 0.1015625
0 0.62265625 0.60625 0.0234375 0.10625
0 0.35078125 0.31875 0.015625 0.0703125
0 0.18828125 0.58671875 0.028125 0.1