0 0.46171875 0.36953125 0.034375 0.0859375
0 0.43359375 0.27578125 0.03125 0.0765625
0 0.3859375 0.7265625 0.0328125 0.1421875
0 0.81171875 0.57421875 0.0375 0.103125
0 0.21484375 0.28125 0.0234375 0.0765625
0 0.34921875 0.415625 0.03125 0.1046875
0 0.9328125 0.6390625 0.0296875 0.1296875
0 0.70234375 0.5359375 0.0390625 0.1046875
0 0.58515625 0.365625 0.03125 0.090625
0 0.91796875 0.54375 0.025 0.1203125
0 0.3109375 0.30234375 0.0171875 0.0921875
0 0.2734375 0.47109375 0.0171875 0.1171875
0 0.5453125 0.36640625 0.0328125 0.1
0 0.7859375 0.46484375 0.0234375 0.11875
0 0.3609375 0.25234375 0.0234375 0.0859375