0 0.7109375 0.578125 0.04375 0.11875
0 0.81484375 0.47578125 0.0453125 0.09375
0 0.9265625 0.490625 0.0359375 0.121875
0 0.3484375 0.35703125 0.028125 0.0546875
0 0.1390625 0.52890625 0.0296875 0.1265625
0 0.39296875 0.553125 0.0375 0.10625
0 0.5015625 0.43671875 0.021875 0.0765625
0 0.9796875 0.575 0.0390625 0.1296875
0 0.24765625 0.30078125 0.0203125 0.0953125
0 0.83125 0.91796875 0.0328125 0.15625
0 0.63515625 0.33828125 0.01875 0.0953125
0 0.44453125 0.5375 0.0265625 0.1234375
0 0.42421875 0.3140625 0.01875 0.090625
0 0.66171875 0.3078125 0.0171875 0.09375
0 0.503125 0.384375 0.021875 0.046875