0 0.2734375 0.565625 0.0390625 0.0984375
0 0.7984375 0.59140625 0.0328125 0.11875
0 0.47578125 0.37265625 0.0296875 0.084375
0 0.09921875 0.88203125 0.0390625 0.11875
0 0.58984375 0.50234375 0.021875 0.0984375
0 0.3046875 0.6234375 0.028125 0.1140625
0 0.08515625 0.70078125 0.025 0.1125
0 0.43671875 0.48046875 0.0203125 0.1
0 0.6609375 0.421875 0.0234375 0.10625
0 0.4078125 0.328125 0.0265625 0.0890625
0 0.33046875 0.33125 0.01875 0.084375
0 0.01875 0.4609375 0.0265625 0.0953125
0 0.1421875 0.28671875 0.021875 0.0640625
0 0.8265625 0.675 0.0234375 0.1140625
0 0.10390625 0.38203125 0.0203125 0.0890625