0 0.43515625 0.83125 0.03125 0.1265625
0 0.853125 0.66953125 0.034375 0.11875
0 0.39765625 0.45625 0.021875 0.08125
0 0.1515625 0.55390625 0.025 0.090625
0 0.50625 0.615625 0.021875 0.0984375
0 0.36875 0.3234375 0.01875 0.065625
0 0.2359375 0.5125 0.0140625 0.08125
0 0.34375 0.4859375 0.015625 0.084375
0 0.20390625 0.3234375 0.01875 0.065625
0 0.01953125 0.8015625 0.0265625 0.11875
0 0.771875 0.43125 0.015625 0.0828125
0 0.06171875 0.378125 0.025 0.0765625
0 0.52421875 0.2734375 0.015625 0.059375
0 0.10390625 0.2375 0.01875 0.0609375
0 0.24296875 0.74609375 0.0203125 0.11875