0 0.2328125 0.82890625 0.0296875 0.1296875
0 0.06640625 0.43828125 0.0203125 0.09375
0 0.43984375 0.56015625 0.0203125 0.1
0 0.65390625 0.7234375 0.025 0.125
0 0.0875 0.7546875 0.0265625 0.121875
0 0.29609375 0.42421875 0.0234375 0.0875
0 0.1765625 0.678125 0.03125 0.11875
0 0.7375 0.36328125 0.0203125 0.071875
0 0.565625 0.4875 0.0203125 0.09375
0 0.28203125 0.27265625 0.0125 0.06875
0 0.6109375 0.371875 0.015625 0.0609375
0 0.2890625 0.56875 0.0203125 0.096875
0 0.90546875 0.9421875 0.0328125 0.1046875
0 0.4109375 0.225 0.0109375 0.0640625