0 0.30625 0.84921875 0.03125 0.1375
0 0.409375 0.38125 0.034375 0.08125
0 0.3796875 0.48828125 0.0203125 0.0953125
0 0.69453125 0.353125 0.0265625 0.0703125
0 0.69140625 0.753125 0.025 0.1375
0 0.2109375 0.740625 0.028125 0.134375
0 0.8640625 0.38203125 0.021875 0.0859375
0 0.56875 0.50390625 0.021875 0.096875
0 0.028125 0.47578125 0.021875 0.1140625
0 0.66171875 0.49921875 0.0203125 0.103125
0 0.53125 0.384375 0.0171875 0.0734375
0 0.58984375 0.29453125 0.025 0.0765625
0 0.39140625 0.62265625 0.0234375 0.1125