0 0.55625 0.65546875 0.028125 0.109375
0 0.5078125 0.44921875 0.028125 0.084375
0 0.14765625 0.8734375 0.0328125 0.1265625
0 0.66328125 0.5921875 0.0359375 0.0890625
0 0.8921875 0.790625 0.0359375 0.10625
0 0.82890625 0.72890625 0.0265625 0.1296875
0 0.29921875 0.6890625 0.03125 0.121875
0 0.2578125 0.3890625 0.0328125 0.0796875
0 0.1875 0.6140625 0.01875 0.10625
0 0.671875 0.44921875 0.028125 0.084375
0 0.45078125 0.14609375 0.01875 0.053125
0 0.89609375 0.36171875 0.01875 0.0765625
0 0.278125 0.33671875 0.0296875 0.08125
0 0.5328125 0.24140625 0.0171875 0.05625
0 0.56875 0.40546875 0.0265625 0.075