0 0.19921875 0.6765625 0.028125 0.115625
0 0.4265625 0.56953125 0.028125 0.0984375
0 0.38515625 0.4828125 0.015625 0.0828125
0 0.51171875 0.6390625 0.01875 0.10625
0 0.6140625 0.4875 0.01875 0.090625
0 0.64296875 0.57109375 0.0203125 0.0984375
0 0.7265625 0.32890625 0.0203125 0.0859375
0 0.53046875 0.44453125 0.01875 0.0953125
0 0.66796875 0.34140625 0.015625 0.0796875
0 0.31640625 0.32109375 0.0203125 0.0796875
0 0.48984375 0.6390625 0.025 0.0984375
0 0.465625 0.4875 0.01875 0.08125
0 0.8609375 0.68359375 0.025 0.11875
0 0.55078125 0.48125 0.021875 0.1
0 0.76171875 0.5140625 0.0265625 0.0984375