0 0.18359375 0.6765625 0.0234375 0.11875
0 0.6296875 0.49453125 0.0171875 0.0890625
0 0.7171875 0.3234375 0.021875 0.0703125
0 0.6984375 0.4828125 0.0203125 0.1015625
0 0.6921875 0.33046875 0.0203125 0.0765625
0 0.65390625 0.6015625 0.0203125 0.1015625
0 0.5390625 0.621875 0.0171875 0.1
0 0.46796875 0.64140625 0.0296875 0.078125
0 0.4328125 0.559375 0.01875 0.1015625
0 0.521875 0.48671875 0.0265625 0.090625
0 0.5734375 0.478125 0.0171875 0.1015625
0 0.3296875 0.3109375 0.0203125 0.0796875
0 0.89296875 0.66171875 0.0234375 0.11875
0 0.4375 0.45703125 0.0140625 0.0640625