0 0.08046875 0.91328125 0.0359375 0.1421875
0 0.38203125 0.8015625 0.0265625 0.128125
0 0.43515625 0.6859375 0.025 0.1234375
0 0.09765625 0.60625 0.025 0.121875
0 0.41875 0.409375 0.0234375 0.0875
0 0.8140625 0.525 0.025 0.1
0 0.49375 0.50625 0.01875 0.096875
0 0.14921875 0.61953125 0.028125 0.121875
0 0.66953125 0.728125 0.0234375 0.125
0 0.74453125 0.30078125 0.021875 0.075
0 0.5453125 0.4296875 0.0171875 0.084375
0 0.55859375 0.61953125 0.028125 0.1140625
0 0.40546875 0.25 0.01875 0.0765625
0 0.534375 0.18046875 0.015625 0.06875
0 0.24296875 0.4171875 0.015625 0.1
0 0.2140625 0.453125 0.0296875 0.109375
0 0.184375 0.490625 0.021875 0.1
0 0.43359375 0.15390625 0.01875 0.0609375