0 0.61328125 0.54296875 0.0328125 0.109375
0 0.7296875 0.8125 0.028125 0.1453125
0 0.828125 0.3296875 0.021875 0.084375
0 0.27734375 0.753125 0.040625 0.128125
0 0.58515625 0.33515625 0.01875 0.0984375
0 0.3765625 0.55390625 0.0234375 0.1046875
0 0.86640625 0.2046875 0.0203125 0.084375
0 0.55703125 0.3328125 0.0234375 0.0953125
0 0.26484375 0.5484375 0.021875 0.06875
0 0.90703125 0.4796875 0.0265625 0.1109375
0 0.803125 0.55078125 0.01875 0.0921875
0 0.8109375 0.67734375 0.0203125 0.1234375
0 0.43671875 0.4265625 0.025 0.0859375