0 0.6109375 0.33828125 0.0234375 0.1
0 0.415625 0.6671875 0.046875 0.103125
0 0.36484375 0.60546875 0.034375 0.1015625
0 0.54140625 0.5703125 0.0390625 0.096875
0 0.909375 0.521875 0.03125 0.1015625
0 0.703125 0.8015625 0.0296875 0.140625
0 0.7453125 0.38359375 0.0203125 0.0859375
0 0.82109375 0.25546875 0.01875 0.0859375
0 0.43203125 0.54609375 0.021875 0.103125
0 0.40859375 0.54453125 0.01875 0.1046875
0 0.88046875 0.703125 0.0234375 0.1265625
0 0.8203125 0.621875 0.0296875 0.10625
0 0.678125 0.315625 0.0203125 0.0953125
0 0.5515625 0.35625 0.0359375 0.0921875