0 0.20078125 0.38046875 0.021875 0.090625
0 0.634375 0.79609375 0.034375 0.140625
0 0.1125 0.7453125 0.0265625 0.13125
0 0.16328125 0.725 0.0296875 0.128125
0 0.7125 0.3203125 0.0203125 0.0796875
0 0.05625 0.5140625 0.025 0.1140625
0 0.11484375 0.46875 0.0203125 0.10625
0 0.3734375 0.678125 0.0234375 0.115625
0 0.3546875 0.46953125 0.021875 0.09375
0 0.228125 0.42421875 0.0171875 0.0984375
0 0.53203125 0.5765625 0.0234375 0.1125
0 0.578125 0.33515625 0.0171875 0.0703125
0 0.54921875 0.52578125 0.021875 0.109375
0 0.246875 0.640625 0.025 0.1203125
0 0.825 0.953125 0.0328125 0.0859375