0 0.71953125 0.53984375 0.0390625 0.1015625
0 0.6984375 0.75078125 0.028125 0.140625
0 0.09140625 0.67109375 0.0234375 0.125
0 0.6265625 0.50625 0.0359375 0.0953125
0 0.51953125 0.378125 0.01875 0.1
0 0.78515625 0.92109375 0.034375 0.1515625
0 0.1390625 0.79296875 0.021875 0.1390625
0 0.57109375 0.40859375 0.0234375 0.096875
0 0.34765625 0.5 0.025 0.109375
0 0.25234375 0.61875 0.021875 0.1265625
0 0.36328125 0.43515625 0.021875 0.090625
0 0.44765625 0.23671875 0.0140625 0.078125
0 0.0484375 0.46484375 0.0203125 0.115625
0 0.0265625 0.4734375 0.01875 0.11875