0 0.4 0.49453125 0.0328125 0.103125
0 0.79609375 0.71875 0.03125 0.1390625
0 0.553125 0.403125 0.0265625 0.10625
0 0.321875 0.56171875 0.0390625 0.1171875
0 0.946875 0.54140625 0.025 0.1140625
0 0.40703125 0.35078125 0.015625 0.0953125
0 0.1453125 0.671875 0.0203125 0.1296875
0 0.4765625 0.3765625 0.021875 0.096875
0 0.01796875 0.4609375 0.03125 0.11875
0 0.2234375 0.5953125 0.0265625 0.1265625
0 0.78828125 0.3375 0.0265625 0.0953125
0 0.83359375 0.9296875 0.0359375 0.1359375
0 0.07734375 0.390625 0.021875 0.1
0 0.09609375 0.8015625 0.05625 0.1453125
0 0.6765625 0.25390625 0.015625 0.0859375
0 0.5234375 0.26796875 0.0140625 0.0796875
0 0.06171875 0.43515625 0.028125 0.1109375
0 0.28828125 0.196875 0.01875 0.071875