0 0.0984375 0.78359375 0.04375 0.121875
0 0.77578125 0.77421875 0.04375 0.1171875
0 0.2359375 0.25859375 0.03125 0.071875
0 0.509375 0.39609375 0.028125 0.084375
0 0.328125 0.340625 0.028125 0.0953125
0 0.16796875 0.40390625 0.01875 0.0921875
0 0.86328125 0.40546875 0.0265625 0.096875
0 0.4546875 0.46796875 0.040625 0.0734375
0 0.66953125 0.309375 0.0203125 0.078125
0 0.56015625 0.2578125 0.0203125 0.0828125
0 0.28671875 0.23515625 0.021875 0.084375
0 0.525 0.58203125 0.034375 0.090625
0 0.25078125 0.94921875 0.028125 0.0953125
0 0.62734375 0.0984375 0.0125 0.059375
0 0.721875 0.25234375 0.01875 0.0796875