0 0.58359375 0.478125 0.0203125 0.0734375
0 0.59140625 0.60078125 0.025 0.078125
0 0.759375 0.50390625 0.025 0.0796875
0 0.83984375 0.34140625 0.0171875 0.059375
0 0.3515625 0.65625 0.0171875 0.096875
0 0.55703125 0.60703125 0.034375 0.0890625
0 0.6171875 0.50859375 0.021875 0.053125
0 0.36328125 0.33515625 0.015625 0.0703125
0 0.7609375 0.359375 0.015625 0.06875
0 0.60546875 0.36171875 0.0140625 0.0609375
0 0.42109375 0.3109375 0.0140625 0.0671875
0 0.31015625 0.4390625 0.021875 0.0625
0 0.53984375 0.190625 0.0125 0.0515625
0 0.653125 0.19453125 0.0125 0.0453125