0 0.04765625 0.78046875 0.03125 0.1296875
0 0.8125 0.52109375 0.0265625 0.109375
0 0.31640625 0.70234375 0.0359375 0.125
0 0.6796875 0.703125 0.0421875 0.103125
0 0.56796875 0.53046875 0.0265625 0.096875
0 0.15703125 0.35546875 0.0203125 0.090625
0 0.25546875 0.71328125 0.028125 0.1296875
0 0.25390625 0.50703125 0.01875 0.084375
0 0.2078125 0.34375 0.021875 0.075
0 0.05 0.44375 0.01875 0.0984375
0 0.31015625 0.53671875 0.021875 0.1015625
0 0.078125 0.45703125 0.01875 0.0890625
0 0.34140625 0.36328125 0.0234375 0.0828125
0 0.9125 0.90859375 0.0328125 0.1515625