0 0.71953125 0.7046875 0.0421875 0.0984375
0 0.115625 0.7296875 0.028125 0.11875
0 0.5984375 0.484375 0.0203125 0.0953125
0 0.91796875 0.86640625 0.0296875 0.146875
0 0.8640625 0.490625 0.0265625 0.1
0 0.11875 0.453125 0.028125 0.1
0 0.19296875 0.3609375 0.0234375 0.09375
0 0.415625 0.6734375 0.0296875 0.1234375
0 0.353125 0.2546875 0.01875 0.06875
0 0.35703125 0.346875 0.0140625 0.0703125
0 0.39765625 0.3796875 0.01875 0.078125
0 0.221875 0.35 0.0171875 0.0765625
0 0.2421875 0.6453125 0.0265625 0.1140625