0 0.3515625 0.57265625 0.0328125 0.09375
0 0.50859375 0.4359375 0.034375 0.0953125
0 0.6140625 0.40546875 0.028125 0.0953125
0 0.40234375 0.52734375 0.03125 0.09375
0 0.25625 0.7484375 0.0390625 0.1171875
0 0.4421875 0.56953125 0.0359375 0.0859375
0 0.6921875 0.34609375 0.015625 0.075
0 0.82734375 0.70703125 0.034375 0.1296875
0 0.7546875 0.4515625 0.0234375 0.0984375
0 0.33828125 0.70546875 0.0203125 0.125
0 0.215625 0.63125 0.025 0.1140625
0 0.7703125 0.32890625 0.0203125 0.0859375
0 0.72734375 0.43359375 0.015625 0.084375
0 0.2765625 0.67890625 0.0171875 0.1140625
0 0.7515625 0.328125 0.0140625 0.084375
0 0.8484375 0.65625 0.0328125 0.11875