0 0.4703125 0.7859375 0.0359375 0.1296875
0 0.43359375 0.50625 0.0265625 0.090625
0 0.38984375 0.70625 0.028125 0.1140625
0 0.76796875 0.51328125 0.0203125 0.1015625
0 0.24296875 0.4109375 0.01875 0.0921875
0 0.653125 0.5359375 0.0234375 0.0921875
0 0.04921875 0.65390625 0.0375 0.1203125
0 0.365625 0.34296875 0.0171875 0.0703125
0 0.0296875 0.89609375 0.03125 0.153125
0 0.75859375 0.30546875 0.0203125 0.0703125
0 0.175 0.45390625 0.021875 0.096875
0 0.92734375 0.70625 0.025 0.1296875
0 0.3625 0.64296875 0.0234375 0.11875
0 0.36640625 0.45625 0.021875 0.0921875
0 0.125 0.52890625 0.0203125 0.1078125
0 0.0125 0.58203125 0.025 0.109375
0 0.48203125 0.203125 0.0203125 0.0625
0 0.61953125 0.35625 0.0125 0.075