0 0.69375 0.61328125 0.021875 0.1015625
0 0.8484375 0.81484375 0.0375 0.109375
0 0.33671875 0.596875 0.021875 0.08125
0 0.69609375 0.42265625 0.0203125 0.075
0 0.95546875 0.41484375 0.0265625 0.084375
0 0.8546875 0.490625 0.021875 0.0953125
0 0.36875 0.4359375 0.0328125 0.075
0 0.82578125 0.2875 0.01875 0.065625
0 0.41328125 0.3171875 0.0203125 0.0609375
0 0.0171875 0.1875 0.021875 0.0640625
0 0.2625 0.56640625 0.01875 0.075
0 0.44765625 0.240625 0.021875 0.0546875
0 0.74296875 0.2140625 0.0125 0.0484375
0 0.61875 0.32890625 0.015625 0.0609375
0 0.38125 0.31875 0.0203125 0.0546875
0 0.98984375 0.26796875 0.0171875 0.0734375