0 0.3171875 0.85546875 0.0359375 0.1328125
0 0.790625 0.66015625 0.0390625 0.1078125
0 0.36796875 0.39609375 0.0203125 0.071875
0 0.478125 0.38203125 0.0234375 0.084375
0 0.66484375 0.62890625 0.034375 0.1
0 0.8703125 0.44453125 0.015625 0.090625
0 0.06640625 0.64453125 0.0234375 0.1109375
0 0.19921875 0.5375 0.0171875 0.096875
0 0.2953125 0.51328125 0.0171875 0.10625
0 0.46796875 0.528125 0.015625 0.1
0 0.6078125 0.421875 0.0125 0.0765625
0 0.39765625 0.30859375 0.0125 0.0578125
0 0.75390625 0.55625 0.021875 0.1015625
0 0.3296875 0.68203125 0.0234375 0.1140625
0 0.2171875 0.45546875 0.015625 0.0953125