0 0.61484375 0.5375 0.034375 0.1015625
0 0.22265625 0.8796875 0.03125 0.1578125
0 0.3859375 0.45546875 0.0203125 0.084375
0 0.3296875 0.3875 0.0203125 0.078125
0 0.3640625 0.70546875 0.028125 0.125
0 0.19453125 0.62421875 0.025 0.109375
0 0.425 0.578125 0.021875 0.1015625
0 0.0328125 0.52109375 0.0171875 0.10625
0 0.59296875 0.2921875 0.015625 0.065625
0 0.43984375 0.32578125 0.0140625 0.0765625
0 0.1390625 0.44375 0.0234375 0.09375
0 0.46171875 0.2265625 0.0140625 0.0671875
0 0.00703125 0.74453125 0.0140625 0.13125