0 0.4875 0.6296875 0.05625 0.128125
0 0.65 0.42890625 0.0484375 0.096875
0 0.37109375 0.6796875 0.0375 0.1109375
0 0.7578125 0.7984375 0.0421875 0.153125
0 0.35546875 0.43203125 0.01875 0.0859375
0 0.56171875 0.4515625 0.0203125 0.1015625
0 0.07265625 0.3421875 0.025 0.096875
0 0.8109375 0.53359375 0.0359375 0.125
0 0.728125 0.57421875 0.0390625 0.1203125
0 0.159375 0.475 0.025 0.109375
0 0.0265625 0.65625 0.0265625 0.121875
0 0.578125 0.33671875 0.021875 0.0921875
0 0.3765625 0.5390625 0.03125 0.0953125
0 0.98984375 0.30078125 0.01875 0.1