0 0.5328125 0.5390625 0.040625 0.1109375
0 0.6078125 0.60859375 0.0359375 0.1171875
0 0.41171875 0.66953125 0.0390625 0.115625
0 0.50703125 0.365625 0.03125 0.09375
0 0.3453125 0.94375 0.0484375 0.109375
0 0.17421875 0.34453125 0.0140625 0.084375
0 0.57109375 0.521875 0.034375 0.090625
0 0.3671875 0.378125 0.0140625 0.0953125
0 0.346875 0.25703125 0.015625 0.084375
0 0.01640625 0.2796875 0.015625 0.08125
0 0.80234375 0.1921875 0.0390625 0.0796875
0 0.0265625 0.40390625 0.0234375 0.1
0 0.3109375 0.45234375 0.03125 0.09375