0 0.3796875 0.44140625 0.021875 0.1015625
0 0.54140625 0.3359375 0.0265625 0.08125
0 0.896875 0.9109375 0.0484375 0.1453125
0 0.83125 0.62734375 0.021875 0.1234375
0 0.4109375 0.47578125 0.0234375 0.090625
0 0.6421875 0.45078125 0.0234375 0.0984375
0 0.27890625 0.76171875 0.025 0.121875
0 0.12265625 0.2890625 0.0234375 0.08125
0 0.7078125 0.18671875 0.01875 0.0765625
0 0.34296875 0.27421875 0.01875 0.078125
0 0.078125 0.61328125 0.01875 0.1109375
0 0.20625 0.353125 0.0171875 0.075
0 0.06640625 0.42109375 0.0234375 0.0953125
0 0.32421875 0.46796875 0.021875 0.0953125