0 0.53359375 0.48203125 0.0265625 0.0921875
0 0.4953125 0.2921875 0.0296875 0.075
0 0.2265625 0.62890625 0.028125 0.125
0 0.81875 0.49140625 0.0265625 0.1109375
0 0.6234375 0.40703125 0.025 0.0859375
0 0.5859375 0.66875 0.0265625 0.128125
0 0.084375 0.49609375 0.028125 0.115625
0 0.61640625 0.2859375 0.028125 0.0796875
0 0.06328125 0.696875 0.03125 0.1296875
0 0.6453125 0.59375 0.0265625 0.128125
0 0.86875 0.3625 0.0296875 0.09375
0 0.6734375 0.44921875 0.028125 0.09375
0 0.5 0.66875 0.0234375 0.1296875
0 0.22421875 0.45625 0.025 0.125