0 0.4640625 0.63984375 0.0328125 0.128125
0 0.9234375 0.70234375 0.0375 0.14375
0 0.50390625 0.415625 0.01875 0.0859375
0 0.86015625 0.275 0.0265625 0.0703125
0 0.7046875 0.4390625 0.0203125 0.09375
0 0.1109375 0.69921875 0.0328125 0.134375
0 0.83984375 0.5234375 0.0296875 0.109375
0 0.65390625 0.346875 0.0171875 0.0625
0 0.27734375 0.578125 0.01875 0.1109375
0 0.14921875 0.39609375 0.0296875 0.08125
0 0.378125 0.44609375 0.01875 0.0890625
0 0.4 0.44375 0.0203125 0.096875
0 0.76640625 0.5890625 0.0234375 0.1234375
0 0.440625 0.503125 0.025 0.1203125
0 0.80546875 0.43671875 0.03125 0.071875