0 0.371875 0.8578125 0.0453125 0.115625
0 0.5171875 0.83359375 0.0484375 0.1171875
0 0.515625 0.52109375 0.0265625 0.09375
0 0.63828125 0.87578125 0.0390625 0.1328125
0 0.203125 0.43046875 0.01875 0.0859375
0 0.38125 0.5828125 0.034375 0.096875
0 0.6203125 0.753125 0.0234375 0.1140625
0 0.39375 0.434375 0.0203125 0.08125
0 0.05390625 0.53828125 0.0234375 0.1046875
0 0.171875 0.5609375 0.021875 0.096875
0 0.76875 0.53359375 0.015625 0.08125
0 0.23359375 0.5140625 0.0203125 0.0984375
0 0.14921875 0.6828125 0.021875 0.10625