0 0.51015625 0.35390625 0.028125 0.084375
0 0.66953125 0.65078125 0.028125 0.1328125
0 0.784375 0.78046875 0.0328125 0.1453125
0 0.43046875 0.40625 0.0328125 0.0859375
0 0.67421875 0.365625 0.0203125 0.084375
0 0.33828125 0.6015625 0.025 0.121875
0 0.20078125 0.3828125 0.01875 0.071875
0 0.8046875 0.365625 0.0171875 0.0921875
0 0.1328125 0.465625 0.0234375 0.1140625
0 0.4296875 0.30703125 0.0171875 0.071875
0 0.23515625 0.39375 0.0171875 0.090625
0 0.15546875 0.515625 0.0171875 0.1109375
0 0.41640625 0.24609375 0.0140625 0.0734375