0 0.63125 0.59140625 0.0359375 0.1140625
0 0.71328125 0.73203125 0.028125 0.13125
0 0.76171875 0.4125 0.025 0.0859375
0 0.11796875 0.43359375 0.0171875 0.103125
0 0.22578125 0.37421875 0.0203125 0.0875
0 0.3203125 0.28046875 0.0203125 0.08125
0 0.19453125 0.38515625 0.0203125 0.1015625
0 0.2890625 0.4828125 0.0171875 0.0984375
0 0.85625 0.28046875 0.025 0.078125
0 0.5328125 0.4140625 0.0171875 0.071875
0 0.821875 0.465625 0.03125 0.096875
0 0.3078125 0.58046875 0.025 0.1203125
0 0.02265625 0.546875 0.0296875 0.11875
0 0.5390625 0.31796875 0.0171875 0.065625
0 0.33046875 0.4296875 0.01875 0.1015625