0 0.23984375 0.578125 0.0296875 0.115625
0 0.22265625 0.7125 0.028125 0.1125
0 0.29765625 0.5890625 0.0234375 0.10625
0 0.32890625 0.84296875 0.03125 0.146875
0 0.49609375 0.68359375 0.028125 0.128125
0 0.72578125 0.4359375 0.01875 0.1
0 0.57890625 0.4265625 0.0234375 0.1046875
0 0.77890625 0.45390625 0.021875 0.1125
0 0.8265625 0.69765625 0.0203125 0.103125
0 0.79140625 0.821875 0.021875 0.109375
0 0.60625 0.65859375 0.025 0.1265625
0 0.90703125 0.47578125 0.025 0.11875
0 0.5921875 0.31328125 0.0203125 0.084375
0 0.48515625 0.31171875 0.028125 0.090625
0 0.72421875 0.60546875 0.0203125 0.115625
0 0.98671875 0.37578125 0.025 0.09375