0 0.39453125 0.63125 0.034375 0.125
0 0.203125 0.60390625 0.021875 0.121875
0 0.52734375 0.5515625 0.0296875 0.125
0 0.7296875 0.559375 0.028125 0.10625
0 0.784375 0.22734375 0.0203125 0.0875
0 0.06328125 0.1375 0.0171875 0.0796875
0 0.1828125 0.2484375 0.0296875 0.09375
0 0.6078125 0.19609375 0.0171875 0.0796875
0 0.225 0.29609375 0.0203125 0.09375
0 0.0234375 0.24375 0.0171875 0.0921875
0 0.01328125 0.409375 0.0265625 0.1015625
0 0.025 0.13984375 0.0171875 0.0765625
0 0.63828125 0.903125 0.03125 0.1453125