0 0.2484375 0.33125 0.0265625 0.0828125
0 0.3859375 0.48671875 0.028125 0.090625
0 0.71015625 0.809375 0.03125 0.1296875
0 0.20390625 0.66171875 0.025 0.1140625
0 0.2515625 0.77890625 0.0234375 0.1375
0 0.02578125 0.63828125 0.03125 0.0984375
0 0.484375 0.328125 0.0203125 0.0828125
0 0.64375 0.690625 0.021875 0.1171875
0 0.76796875 0.49140625 0.0171875 0.1
0 0.05625 0.7171875 0.0296875 0.1296875
0 0.2328125 0.58203125 0.0265625 0.1109375
0 0.14765625 0.46171875 0.01875 0.1015625
0 0.81171875 0.3921875 0.015625 0.0625
0 0.32265625 0.27109375 0.0125 0.0734375
0 0.17578125 0.41015625 0.01875 0.0953125
0 0.5 0.5265625 0.025 0.0984375
0 0.4 0.625 0.0234375 0.121875
0 0.0734375 0.47578125 0.021875 0.10625
0 0.11171875 0.49296875 0.021875 0.103125