0 0.4921875 0.52734375 0.0390625 0.1015625
0 0.26328125 0.634375 0.0375 0.10625
0 0.82890625 0.38046875 0.034375 0.1015625
0 0.359375 0.66328125 0.0265625 0.11875
0 0.69453125 0.4890625 0.028125 0.10625
0 0.2046875 0.66796875 0.04375 0.103125
0 0.684375 0.70625 0.0515625 0.1234375
0 0.43203125 0.328125 0.03125 0.071875
0 0.61171875 0.41640625 0.0203125 0.090625
0 0.89140625 0.52421875 0.0234375 0.1171875
0 0.5890625 0.43046875 0.0265625 0.1
0 0.60390625 0.82421875 0.025 0.1609375
0 0.5296875 0.43125 0.025 0.0859375