0 0.5515625 0.628125 0.0359375 0.1015625
0 0.67578125 0.403125 0.03125 0.090625
0 0.40859375 0.76171875 0.040625 0.13125
0 0.39453125 0.5890625 0.034375 0.10625
0 0.4453125 0.66171875 0.0296875 0.1125
0 0.95 0.615625 0.034375 0.125
0 0.1 0.78203125 0.0265625 0.1390625
0 0.3328125 0.61796875 0.025 0.10625
0 0.72265625 0.590625 0.0296875 0.1140625
0 0.80625 0.38046875 0.025 0.0953125
0 0.72734375 0.36640625 0.028125 0.0890625
0 0.88359375 0.4515625 0.0234375 0.1046875
0 0.69453125 0.5234375 0.0234375 0.075
0 0.73828125 0.7765625 0.0296875 0.1359375